Alameda|70,699|-2.2|72,259|5.6|21.5|13.3|52.0|56.9|6.2|0.7|26.1|0.6|6.1|9.3|50.1|26.1|33.9|88.4|42.2|29.6|31,644|47.9|345,000|30,226|2.35|56,285|30,982|8.2|1,182,393|482,438|6,653|80,477|6,558|S|S|S|S|F|26.6|10|6,690.6|00562|Alameda County 
Alhambra|87,506|2.0|85,804|6.2|22.3|13.2|52.9|30.0|1.7|0.7|47.2|0.1|4.0|35.5|50.4|50.8|72.3|73.0|27.5|29.1|30,069|39.2|210,400|29,111|2.88|39,213|17,350|14.3|512,638|1,275,176|14,598|108,794|7,753|F|S|S|S|F|S|7|11,260.4|00884|Los Angeles County 
Aliso Viejo|41,489|3.7|X|X|X|X|X|X|X|X|X|X|X|X|X|X|X|X|X|X|X|X|X|X|X|X|X|X|669,433|539,082|13,217|40,739|4,769|S|F|10.2|S|F|39.3|X|X|00947|Orange County 
Anaheim|334,425|1.7|328,014|9.2|30.2|8.2|50.0|54.8|2.7|0.9|12.0|0.4|5.0|46.8|44.5|37.9|54.8|69.3|19.6|28.1|99,719|50.0|213,800|96,969|3.34|47,122|18,266|14.1|8,072,427|3,008,129|9,084|916,207|23,947|1.3|1.5|16.7|S|F|25.1|48|6,702.4|02000|Orange County 
Antioch|100,586|11.1|90,532|8.6|32.3|7.4|51.0|65.3|9.7|0.9|7.4|0.4|7.0|22.1|49.9|13.2|22.1|85.7|18.2|41.6|30,116|71.0|196,600|29,338|3.07|60,359|22,152|8.5|D|691,533|6,951|74,462|5,676|8.8|S|12.4|13.5|F|S|26|3,359.3|02252|Contra Costa County 
Apple Valley|68,886|27.0|54,239|7.1|31.6|13.7|51.6|76.4|7.9|1.0|2.2|0.2|4.4|18.6|48.9|7.6|13.8|82.4|16.4|33.0|20,163|70.0|112,700|18,557|2.90|40,421|17,830|17.3|D|245,310|4,242|31,883|3,925|S|S|S|S|F|S|73|739.7|02364|San Bernardino County 
Arcadia|56,486|6.5|53,054|4.6|23.3|15.5|53.0|45.6|1.1|0.3|45.4|0.1|3.4|10.6|55.7|43.6|54.4|89.7|44.4|30.4|19,970|62.3|393,700|19,149|2.74|56,100|28,400|7.9|545,529|622,902|11,417|108,391|7,353|S|F|38.2|S|F|23.9|10|4,831.9|02462|Los Angeles County 
Atascadero|27,343|3.5|26,411|5.4|25.6|11.5|48.5|88.8|2.4|0.9|1.3|0.1|3.3|10.5|51.5|4.4|7.3|88.4|20.3|22.3|9,848|65.6|201,600|9,531|2.62|48,725|20,029|9.0|D|310,188|11,569|23,957|2,827|S|F|F|S|F|S|26|987.7|03064|San Luis Obispo County 
Azusa|47,074|5.3|44,712|9.3|30.8|6.9|50.6|52.3|3.8|1.3|6.1|0.2|5.7|63.8|47.8|34.0|56.1|60.7|14.2|26.8|13,013|50.5|149,300|12,549|3.41|39,191|13,412|18.8|196,247|337,056|7,325|40,198|2,458|F|F|S|33.0|F|32.9|8|5,023.8|03386|Los Angeles County 
Bakersfield|308,392|26.7|247,057|8.8|32.7|8.8|51.4|61.9|9.2|1.4|4.3|0.1|4.4|32.5|43.9|13.6|27.1|75.9|19.3|22.2|88,262|60.5|106,500|83,441|2.92|39,982|17,678|18.0|3,826,838|3,586,569|13,771|381,952|19,107|6.7|1.6|7.4|17.1|F|36.5|113|2,184.4|03526|Kern County 
Baldwin Park|78,568|3.6|75,837|9.7|34.9|6.2|50.0|40.2|1.6|1.5|11.6|0.1|4.5|78.7|58.6|45.7|78.7|47.5|9.0|30.3|17,430|61.0|146,400|16,961|4.44|41,629|11,562|18.2|881,700|349,424|4,519|45,812|3,927|F|S|19.3|S|F|27.9|6|11,386.9|03666|Los Angeles County 
Bell|37,332|1.8|36,664|10.8|35.3|5.4|49.5|48.5|1.3|1.3|1.1|0.1|4.8|90.9|47.8|53.3|88.2|35.1|4.0|28.5|9,215|30.9|167,100|8,918|4.05|29,946|9,905|24.1|313,577|187,574|5,047|31,020|1,929|F|F|S|71.0|F|19.4|2|14,783.9|04870|Los Angeles County 
Bell Gardens|45,285|2.8|44,054|11.4|39.5|3.9|49.4|48.1|1.0|1.7|0.6|0.1|4.7|93.4|47.7|50.4|88.2|31.3|4.0|30.1|9,788|23.8|175,000|9,466|4.61|30,597|8,415|27.3|D|96,505|2,147|17,914|1,883|F|F|F|S|F|S|2|17,692.4|04996|Los Angeles County 
Bellflower|74,351|2.0|72,878|9.5|31.9|8.4|51.3|46.1|13.1|0.9|9.7|0.7|5.1|43.2|45.4|28.4|46.3|70.8|12.9|27.3|24,247|40.3|179,800|23,367|3.09|39,362|15,982|15.8|D|459,377|6,199|46,408|4,332|9.1|S|19.3|S|F|39.3|6|12,006.3|04982|Los Angeles County 
Belmont|24,665|-1.7|25,123|6.0|19.3|13.2|50.8|75.2|1.7|0.3|15.4|0.5|4.2|8.3|56.0|22.6|26.3|94.2|51.7|27.1|10,577|60.2|593,200|10,418|2.35|80,905|42,812|4.0|186,983|296,230|11,974|33,449|2,710|F|F|S|6.2|F|30.1|4|5,545.9|05108|San Mateo County 
Benicia|26,597|-1.0|26,865|5.6|27.1|9.3|51.4|78.9|4.8|0.6|7.6|0.3|5.2|9.0|56.0|9.4|12.6|91.7|37.3|31.3|10,547|70.7|274,600|10,328|2.60|67,617|31,226|4.3|626,016|197,696|7,310|26,901|2,728|F|F|7.2|S|F|32.8|12|2,082.6|05290|Solano County 
Berkeley|101,555|-1.2|102,743|4.0|14.1|10.2|50.9|59.2|13.6|0.5|16.4|0.1|5.6|9.7|45.4|20.4|27.5|92.2|64.3|27.8|46,875|42.7|380,200|44,955|2.16|44,485|30,477|20.0|560,688|1,156,218|11,208|249,468|14,067|6.4|F|8.8|S|S|38.6|10|9,822.5|06000|Alameda County 
Beverly Hills|34,979|3.5|33,784|3.7|20.0|17.6|54.5|85.1|1.8|0.1|7.1|Z|4.5|4.6|55.2|38.2|44.2|90.8|54.5|23.9|15,856|43.4|1,000,001|15,035|2.24|70,945|65,507|9.1|663,890|1,747,234|50,283|423,519|14,300|4.6|F|3.9|5.2|F|20.9|5|5,958.4|06308|Los Angeles County 
Brea|38,585|8.8|35,410|6.1|25.6|11.4|51.2|77.3|1.3|0.5|9.1|0.2|3.8|20.3|53.9|17.2|24.4|88.4|33.5|28.5|13,327|64.2|261,700|13,067|2.70|59,759|26,307|5.3|3,866,256|919,216|24,962|143,455|4,629|F|F|12.1|S|F|19.1|10|3,359.6|08100|Orange County 
Buena Park|79,664|2.2|78,282|8.1|29.4|9.3|50.4|53.0|3.8|1.0|21.1|0.5|5.5|33.5|50.8|33.0|48.3|75.8|19.7|28.6|23,826|57.1|199,400|23,332|3.32|50,336|18,031|11.3|1,487,819|1,382,878|17,531|98,659|5,717|S|S|35.5|16.8|F|25.0|10|7,406.1|08786|Orange County 
Burbank|104,317|4.0|100,316|5.7|22.3|12.8|51.5|72.2|2.1|0.6|9.2|0.1|6.0|24.9|53.6|31.1|42.6|83.1|29.0|25.1|42,847|43.5|256,400|41,608|2.39|47,467|25,713|10.5|1,440,882|1,462,877|14,276|271,712|14,055|2.4|S|9.7|12.2|F|26.8|17|5,781.9|08954|Los Angeles County 
Burlingame|27,573|-2.0|28,158|5.6|19.2|15.2|52.2|76.9|1.1|0.2|13.8|0.5|4.0|10.6|53.9|24.6|28.5|92.9|47.9|26.1|12,869|47.9|685,900|12,511|2.21|68,526|43,565|5.7|2,595,305|668,579|24,098|168,673|4,628|F|F|17.9|9.1|F|27.4|4|6,503.0|09066|San Mateo County 
Calexico|37,243|37.3|27,109|7.8|34.9|10.4|53.4|46.6|0.5|0.7|1.8|0.0|3.5|95.3|57.2|51.2|94.1|47.4|9.1|22.1|6,983|55.2|108,200|6,814|3.96|28,929|9,981|25.7|407,771|414,464|13,489|32,697|2,108|F|S|7.5|S|F|S|6|4,351.4|09710|Imperial County 
Camarillo|62,489|9.2|57,077|6.6|25.3|17.0|51.6|80.7|1.5|0.5|7.2|0.2|3.6|15.5|51.6|13.3|19.8|90.6|32.9|22.5|21,946|73.5|252,100|21,438|2.62|62,457|28,635|5.3|D|1,103,634|18,625|89,087|6,094|S|S|S|6.3|F|24.6|18|3,015.2|10046|Ventura County 
Campbell|37,520|-1.6|38,138|6.5|21.6|9.7|50.4|72.8|2.5|0.7|14.2|0.2|4.8|13.3|50.0|21.7|26.7|89.7|39.7|25.3|16,286|48.2|436,800|15,920|2.38|67,214|34,441|4.8|622,469|654,514|17,560|95,060|4,677|F|F|9.5|5.7|F|22.2|5|6,798.2|10345|Santa Clara County 
Carlsbad|92,928|18.7|78,247|6.4|23.3|14.0|51.1|86.6|1.0|0.4|4.2|0.2|3.0|11.7|42.3|12.7|17.0|93.1|45.7|28.7|33,798|67.4|330,100|31,521|2.46|65,145|34,863|5.9|1,699,821|2,019,554|23,418|293,107|12,046|S|F|S|S|F|23.8|37|2,089.9|11194|San Diego County 
Carson|93,805|4.5|89,730|6.9|28.4|10.7|51.7|25.7|25.4|0.6|22.3|3.0|5.1|34.9|62.0|32.9|49.9|70.6|18.1|26.6|25,337|77.9|183,200|24,648|3.59|52,284|17,107|9.3|5,338,112|1,505,764|16,375|86,531|6,319|20.9|S|25.8|23.5|F|30.9|18|4,762.7|11530|Los Angeles County 
Cathedral City|52,461|22.4|42,647|8.8|31.1|12.2|49.3|65.3|2.7|1.0|3.7|0.1|4.1|50.0|43.9|29.5|47.6|69.0|14.7|21.6|17,893|65.2|125,500|14,027|3.03|38,887|16,215|13.6|D|820,851|17,677|50,838|3,893|F|F|S|30.1|F|25.3|19|2,223.5|12048|Riverside County 
Ceres|42,245|21.8|34,609|8.6|34.4|8.1|50.8|64.5|2.7|1.4|5.0|0.4|5.5|37.9|50.7|19.0|36.1|67.0|8.3|28.6|10,773|66.2|119,900|10,435|3.31|40,736|14,420|12.9|108,455|324,753|8,873|32,513|1,838|F|F|16.7|21.1|F|S|6|4,986.9|12524|Stanislaus County 
Cerritos|52,353|1.7|51,488|4.7|24.5|9.7|51.3|26.9|6.7|0.3|58.4|0.2|3.8|10.4|65.3|45.5|60.0|90.7|43.7|29.3|15,607|83.5|281,000|15,390|3.34|73,030|25,249|5.0|3,015,386|2,397,507|45,772|83,237|5,707|S|F|S|6.2|F|S|8|5,973.1|12552|Los Angeles County 
Chico|73,316|10.1|59,954|6.0|21.1|9.9|50.9|82.4|2.0|1.3|4.2|0.2|4.3|12.3|30.2|9.0|14.1|87.3|33.6|17.4|24,386|40.4|141,600|23,476|2.42|29,359|16,970|26.6|347,457|1,383,062|20,313|157,884|5,491|F|F|F|S|F|30.1|27|2,161.3|13014|Butte County 
Chino|79,289|13.6|67,168|7.2|28.5|5.9|44.6|55.7|7.8|0.9|4.9|0.2|4.9|47.4|53.7|20.4|38.4|70.7|13.0|32.6|17,898|68.7|173,600|17,304|3.43|55,401|17,574|8.3|1,490,203|784,757|10,839|81,496|5,135|S|F|S|26.4|F|17.0|21|3,190.9|13210|San Bernardino County 
Chino Hills|75,282|12.7|66,787|8.7|32.9|4.2|50.3|56.4|5.5|0.6|22.1|0.1|4.7|25.7|51.9|22.7|35.6|89.9|37.6|39.8|20,414|84.8|242,600|20,039|3.33|78,374|26,182|5.1|D|373,845|5,177|38,962|5,613|S|S|26.1|10.0|F|32.2|44|1,490.4|13214|San Bernardino County 
Chula Vista|212,756|22.6|173,556|7.8|28.7|11.0|51.5|55.1|4.6|0.8|11.0|0.6|5.8|49.6|47.2|28.7|52.6|78.5|22.2|26.5|59,495|57.4|197,000|57,705|2.99|44,861|18,556|10.6|820,069|1,783,315|9,255|214,822|12,876|S|1.1|12.8|44.3|S|37.4|48|3,550.7|13392|San Diego County 
Citrus Heights|84,547|-0.6|85,071|6.8|25.2|12.9|51.6|84.6|2.9|1.0|2.8|0.3|4.7|10.0|46.5|9.2|12.6|88.5|18.2|26.7|34,897|57.2|137,300|33,478|2.52|43,859|20,744|8.3|D|934,879|10,605|98,615|6,161|1.8|F|S|S|F|30.6|14|5,928.3|13588|Sacramento County 
Claremont|35,103|3.3|33,998|4.3|20.7|14.6|53.0|73.5|5.0|0.6|11.5|0.1|4.1|15.4|49.4|15.8|24.5|92.4|52.4|25.7|11,559|66.7|251,000|11,281|2.56|65,910|28,843|8.0|D|445,970|12,854|58,515|3,347|S|F|S|12.4|F|S|13|2,587.4|13756|Los Angeles County 
Clovis|89,316|29.3|68,468|7.6|30.7|9.4|52.0|75.8|1.9|1.5|6.5|0.2|4.6|20.3|49.4|8.0|17.1|85.0|23.1|20.8|25,250|60.4|125,200|24,347|2.79|42,283|18,690|10.6|51,324|1,098,122|14,758|82,245|5,350|F|F|10.9|S|F|S|17|3,999.3|14218|Fresno County 
Colton|51,427|7.5|47,662|10.0|34.9|6.4|50.7|42.7|11.0|1.3|5.3|0.2|5.1|60.7|48.2|24.0|48.5|68.8|12.2|26.6|15,680|52.0|105,200|14,520|3.26|35,777|13,460|19.6|284,361|606,246|12,184|42,646|2,681|S|F|S|S|F|27.2|15|3,154.3|14890|San Bernardino County 
Compton|95,701|2.3|93,493|10.4|38.5|6.9|51.0|16.7|40.3|0.7|0.3|1.1|3.6|56.8|59.0|31.4|55.2|48.0|5.9|29.0|23,795|56.3|136,200|22,327|4.16|31,819|10,389|28.0|D|201,004|2,110|39,836|4,303|27.8|F|5.1|37.4|F|28.8|10|9,229.3|15044|Los Angeles County 
Concord|122,204|0.3|121,780|7.1|25.3|10.7|50.6|70.7|3.0|0.8|9.4|0.5|5.9|21.8|51.5|23.4|30.3|84.7|25.9|31.9|45,083|62.6|233,700|44,020|2.74|55,597|24,727|7.6|1,049,210|2,208,279|17,718|178,739|9,684|1.6|2.3|S|S|F|35.4|30|4,040.5|16000|Contra Costa County 
Corona|150,253|17.5|124,966|9.8|33.4|5.8|50.5|62.0|6.4|0.9|7.5|0.3|5.3|35.7|39.4|21.4|35.8|80.6|22.0|35.3|39,271|67.5|194,400|37,839|3.29|59,615|21,001|8.3|4,377,509|1,661,278|11,802|138,202|11,708|5.2|S|16.5|19.0|F|30.7|35|3,555.2|16350|Riverside County 
Costa Mesa|109,809|0.3|108,724|7.1|23.2|8.4|48.8|69.5|1.4|0.8|6.9|0.6|4.3|31.8|43.8|29.2|37.5|79.1|29.1|22.8|40,406|40.5|273,100|39,206|2.69|50,732|23,342|12.6|7,689,569|2,899,454|26,261|374,373|13,604|1.1|F|9.2|11.2|F|29.4|15|6,956.1|16532|Orange County 
Covina|47,833|2.1|46,837|7.4|28.1|10.9|52.1|62.1|5.0|0.9|9.8|0.2|4.8|40.3|50.7|20.0|35.6|81.9|18.8|30.8|16,364|58.4|189,500|15,971|2.89|48,474|20,231|11.6|222,296|482,335|10,104|63,367|4,316|S|F|S|20.6|F|25.6|6|6,719.8|16742|Los Angeles County 
Culver City|39,403|1.5|38,816|5.5|20.9|13.9|53.3|59.2|12.0|0.7|12.0|0.2|5.7|23.7|57.2|26.6|35.2|87.2|41.2|26.0|17,130|54.4|311,100|16,611|2.31|51,792|29,025|8.6|1,195,143|1,824,859|46,110|129,404|6,971|5.9|F|12.1|S|F|27.4|5|7,596.1|17568|Los Angeles County 
Cupertino|52,948|0.8|50,546|6.1|26.6|11.0|50.1|50.1|0.7|0.2|44.4|0.1|3.1|4.0|49.3|42.8|50.0|95.5|65.4|25.8|18,682|63.6|649,000|18,204|2.75|100,411|44,749|4.8|D|1,218,870|23,627|99,726|4,841|F|F|28.0|F|F|25.8|10|4,620.3|17610|Santa Clara County 
Cypress|47,606|2.2|46,229|6.0|27.0|10.6|51.3|65.6|2.8|0.6|20.8|0.4|4.4|15.7|55.0|21.3|29.8|89.7|31.2|29.1|16,028|69.4|252,800|15,654|2.93|64,377|25,798|6.0|6,001,850|245,333|5,209|67,357|4,019|F|F|30.9|8.6|F|22.7|6|6,993.8|17750|Orange County 
Daly City|101,005|-2.5|103,621|6.0|22.5|12.0|50.8|25.9|4.6|0.4|50.7|0.9|6.2|22.3|56.4|52.4|66.4|82.0|29.1|29.9|31,311|59.8|335,000|30,775|3.34|62,310|21,900|7.1|68,540|768,296|7,564|96,056|5,702|S|F|46.7|S|F|25.8|7|13,706.5|17918|San Mateo County 
Dana Point|35,945|2.4|35,110|5.6|20.6|13.0|50.0|87.2|0.8|0.6|2.5|0.1|2.8|15.5|46.0|15.7|17.4|90.7|41.0|28.9|15,682|62.0|381,400|14,456|2.41|63,043|37,938|6.7|307,163|202,247|5,666|244,507|4,939|F|F|S|S|F|29.2|6|5,287.7|17946|Orange County 
Danville|41,540|-0.4|41,715|7.1|28.6|10.3|51.5|86.3|0.9|0.2|9.0|0.1|2.5|4.7|53.9|11.0|13.2|96.6|59.4|30.9|15,130|89.1|541,400|14,816|2.78|114,064|50,773|2.2|304,202|313,711|7,401|52,401|5,010|F|F|8.2|S|F|32.9|18|2,306.0|17988|Contra Costa County 
Davis|60,964|3.9|60,308|4.6|18.6|6.6|52.3|70.1|2.3|0.7|17.5|0.2|4.9|9.6|30.5|17.2|24.4|96.4|68.6|20.6|23,617|44.6|238,500|22,948|2.50|42,454|22,937|24.5|D|425,096|6,842|84,875|4,744|S|F|S|4.2|F|32.7|10|5,771.1|18100|Yolo County 
Delano|50,310|27.0|38,824|9.1|32.5|7.5|43.5|26.2|5.4|0.9|15.9|0.1|4.5|68.5|47.4|38.2|72.5|48.7|5.5|23.2|8,830|59.4|86,700|8,409|4.02|28,143|11,068|28.2|157,179|218,015|5,227|21,118|1,224|F|F|14.9|S|F|19.0|10|3,844.0|18394|Kern County 
Diamond Bar|57,759|2.6|56,287|5.7|27.0|7.5|51.0|41.0|4.8|0.3|42.8|0.1|4.2|18.5|56.9|38.3|53.9|90.7|42.3|34.7|17,959|82.6|245,800|17,651|3.18|68,871|25,472|6.0|2,830,262|259,178|4,493|59,937|6,092|3.3|S|40.2|S|F|29.4|14|3,813.5|19192|Los Angeles County 
Downey|109,376|1.9|107,323|8.0|29.2|11.0|51.4|53.5|3.8|0.9|7.7|0.2|4.9|57.9|50.3|35.3|60.3|72.3|17.3|28.0|34,759|51.8|209,700|33,989|3.11|45,667|18,197|11.1|727,944|1,173,379|10,753|129,483|8,664|S|S|12.3|39.4|F|26.6|12|8,641.1|19766|Los Angeles County 
Dublin|41,840|39.2|29,973|5.9|21.0|4.6|47.3|69.4|10.1|0.7|10.3|0.3|3.9|13.5|45.7|13.6|19.0|86.3|32.9|31.1|9,872|64.9|330,700|9,325|2.65|77,283|29,451|2.9|730,251|1,075,989|31,351|91,900|2,868|F|S|S|S|F|30.6|12|2,380.7|20018|Alameda County 
East Palo Alto|32,784|11.1|29,506|10.0|35.0|5.1|48.5|27.0|23.0|0.8|2.2|7.6|4.6|58.8|54.2|43.8|64.8|48.2|10.6|25.9|7,091|43.5|302,100|6,976|4.20|45,006|13,774|16.2|D|164,748|5,221|19,778|948|S|F|F|S|F|S|2|11,571.0|20956|San Mateo County 
El Cajon|91,756|-3.3|94,869|8.2|27.9|11.3|51.2|74.0|5.4|1.0|2.8|0.4|6.0|22.5|40.1|17.5|26.7|79.2|14.5|26.1|35,190|40.5|190,200|34,199|2.70|35,566|16,698|16.7|618,238|1,643,904|17,320|134,976|7,100|F|F|3.7|S|F|22.5|14|6,511.3|21712|San Diego County 
El Centro|40,563|6.7|37,835|8.4|33.6|9.3|50.9|46.9|3.2|1.0|3.5|0.1|3.7|74.6|49.6|34.4|71.6|62.9|14.0|18.5|12,263|50.2|104,300|11,439|3.23|33,161|13,874|22.8|190,823|589,474|15,605|56,939|2,288|F|F|F|51.2|F|S|9|3,949.4|21782|Imperial County 
El Monte|123,162|6.2|115,965|10.0|34.1|6.9|49.5|35.7|0.8|1.4|18.5|0.1|4.3|72.4|50.7|51.3|80.7|44.2|7.1|27.2|27,758|41.0|158,100|27,034|4.24|32,439|10,316|26.1|787,023|1,789,611|15,037|57,176|6,491|F|F|S|33.4|F|29.0|9|12,142.9|22230|Los Angeles County 
Elk Grove|129,184|59.3|X|X|X|X|X|X|X|X|X|X|X|X|X|X|X|X|X|X|X|X|X|X|X|X|X|X|252,764|1,098,447|12,484|92,268|6,530|S|F|16.0|9.7|F|30.9|X|X|22020|Sacramento County 
Encinitas|59,260|2.3|58,014|5.9|23.1|10.4|50.2|86.6|0.6|0.5|3.1|0.1|2.9|14.8|49.5|13.9|19.4|91.1|50.0|27.0|23,843|64.2|353,300|22,830|2.52|63,954|34,336|7.3|299,048|973,601|16,395|125,682|8,992|F|F|S|S|F|32.3|19|3,035.8|22678|San Diego County 
Escondido|133,510|-0.2|133,559|8.8|29.7|11.0|50.4|67.8|2.3|1.2|4.5|0.2|4.8|38.7|40.2|25.5|38.1|72.6|20.1|27.3|45,050|53.2|192,600|43,817|3.01|42,567|18,241|13.4|528,507|2,261,183|16,732|147,024|10,389|S|F|8.7|17.2|F|42.0|36|3,681.3|22804|San Diego County 
Eureka|25,435|-2.6|26,128|5.7|22.4|13.7|50.5|82.5|1.6|4.2|3.6|0.3|5.1|7.8|43.5|5.5|9.4|81.7|16.9|14.9|11,637|46.5|114,000|10,957|2.26|25,849|16,174|23.7|166,799|704,106|27,183|78,007|2,658|F|F|S|F|F|23.7|9|2,764.9|23042|Humboldt County 
Fairfield|104,897|9.1|96,178|8.5|29.8|9.0|50.2|56.2|15.0|0.8|10.9|0.9|7.4|18.8|45.0|16.3|24.4|85.0|20.4|29.5|31,792|59.7|174,700|30,870|2.98|51,151|20,617|9.3|1,347,489|1,243,366|12,258|130,111|5,641|13.7|F|11.3|S|F|34.8|37|2,554.5|23182|Solano County 
Folsom|66,123|27.4|51,884|6.9|24.2|8.8|44.8|77.9|6.0|0.6|7.2|0.2|3.4|9.5|38.9|8.8|13.4|88.9|37.6|27.7|17,968|76.3|228,700|17,196|2.61|73,175|30,210|7.3|741,726|1,364,104|22,430|100,746|4,746|2.1|F|6.4|4.4|F|29.7|21|2,386.6|24638|Sacramento County 
Fontana|170,099|31.1|128,929|10.3|37.8|4.7|50.4|45.0|11.8|1.1|4.4|0.3|5.4|57.7|44.8|26.9|50.4|65.4|10.3|35.1|35,908|68.1|130,400|34,014|3.78|45,782|14,208|14.7|3,209,720|999,245|6,964|88,051|7,743|S|F|10.3|38.0|F|24.2|36|3,569.5|24680|San Bernardino County 
Foster City|28,937|0.5|28,803|5.9|21.2|10.1|50.8|59.3|2.1|0.1|32.5|0.6|4.1|5.3|50.0|35.2|39.7|95.6|59.8|27.3|12,009|61.5|566,500|11,613|2.47|95,279|45,754|2.9|2,665,941|249,159|8,552|55,825|2,969|S|F|S|S|F|30.6|3|7,660.4|25338|San Mateo County 
Fountain Valley|55,857|1.6|54,978|6.0|23.5|11.3|51.1|64.0|1.1|0.5|25.8|0.4|4.3|10.7|59.6|27.6|35.4|88.6|34.4|26.5|18,473|74.7|289,500|18,162|3.00|69,734|26,521|4.3|D|948,353|17,100|91,161|6,452|F|F|25.0|6.0|F|31.1|8|6,170.4|25380|Orange County 
Fremont|201,691|-0.8|203,413|7.4|25.8|8.3|49.7|47.7|3.1|0.5|37.0|0.4|5.8|13.5|49.4|37.1|46.9|88.4|43.2|31.4|69,452|64.5|363,400|68,237|2.96|76,579|31,411|5.4|10,697,253|2,797,428|13,613|212,454|14,998|S|F|38.1|S|F|31.9|76|2,652.4|26000|Alameda County 
Fresno|466,714|8.8|427,652|9.1|32.9|9.3|50.9|50.2|8.4|1.6|11.2|0.1|5.2|39.9|46.2|20.3|39.5|69.1|19.0|21.7|149,025|50.6|97,300|140,079|2.99|32,236|15,010|26.2|4,350,082|4,743,378|10,683|544,790|26,881|5.2|3.1|13.9|19.3|S|S|104|4,097.9|27000|Fresno County 
Fullerton|132,918|5.3|126,003|7.0|25.1|11.3|50.6|61.9|2.3|0.7|16.1|0.2|4.0|30.2|49.1|28.9|41.2|81.8|31.3|27.4|44,771|53.9|241,900|43,609|2.83|50,269|23,370|11.4|2,896,807|1,420,275|11,042|173,303|10,914|3.1|S|21.1|9.0|F|32.9|22|5,675.8|28000|Orange County 
Garden Grove|166,296|0.7|165,196|7.9|28.5|9.5|49.9|46.9|1.3|0.8|30.9|0.7|4.1|32.5|49.8|43.1|59.2|67.8|15.0|27.3|46,703|59.6|199,700|45,791|3.56|47,754|16,209|13.9|1,301,383|1,307,234|7,845|211,687|13,200|0.8|F|42.5|11.6|F|23.0|18|9,167.4|29000|Orange County 
Gardena|59,733|3.0|57,746|7.5|25.8|12.4|51.3|23.8|26.0|0.6|26.8|0.7|5.1|31.8|56.7|32.8|48.1|74.0|16.6|25.5|21,041|47.3|179,500|20,324|2.80|38,988|17,263|15.7|984,737|620,853|10,439|104,907|5,324|12.7|F|41.7|S|F|25.3|5|9,922.0|28168|Los Angeles County 
Gilroy|48,313|16.5|41,464|9.4|32.6|6.8|50.2|58.9|1.8|1.6|4.4|0.3|5.3|53.8|44.1|24.1|43.6|70.1|19.1|30.6|12,152|61.2|344,100|11,869|3.46|62,135|22,071|10.4|D|813,656|18,940|77,325|3,075|F|F|S|11.1|F|26.3|15|2,616.0|29504|Santa Clara County 
Glendale|199,463|2.3|194,973|5.7|22.4|13.9|52.3|63.6|1.3|0.3|16.1|0.1|10.1|19.7|50.8|54.4|67.0|79.0|32.1|27.3|73,713|38.4|325,700|71,805|2.68|41,805|22,227|15.5|852,780|2,625,246|13,204|231,443|24,388|0.6|F|17.0|5.4|F|27.3|30|6,361.3|30000|Los Angeles County 
Glendora|50,370|2.0|49,415|6.3|27.6|12.5|51.7|80.3|1.5|0.7|6.2|0.1|4.0|21.7|61.3|14.1|23.8|87.1|25.7|29.4|17,145|73.6|225,000|16,819|2.88|60,013|25,993|5.9|D|584,361|11,629|48,383|4,514|F|F|15.7|11.5|F|S|19|2,581.8|30014|Los Angeles County 
Goleta|29,182|1.9|X|X|X|X|X|X|X|X|X|X|X|X|X|X|X|X|X|X|X|X|X|X|X|X|X|X|588,885|574,864|19,291|56,929|3,027|F|F|S|S|F|20.6|X|X|30378|Santa Barbara County 
Hanford|48,655|16.4|41,686|8.7|31.6|10.3|51.0|64.1|5.0|1.4|2.9|0.2|5.7|38.7|48.7|13.6|28.3|74.5|14.4|20.2|14,721|59.0|102,900|13,931|2.93|37,582|17,504|17.3|D|492,513|11,135|48,979|2,371|F|F|F|S|F|39.5|13|3,184.6|31960|Kings County 
Hawthorne|85,438|1.6|84,112|10.1|31.7|6.1|51.9|29.3|33.0|0.8|6.7|0.9|5.2|44.3|45.6|33.3|50.6|66.8|12.7|26.9|29,629|25.9|183,700|28,536|2.93|31,887|15,022|20.3|302,054|753,540|8,812|60,850|5,111|13.1|S|10.1|27.7|F|30.8|6|13,879.9|32548|Los Angeles County 
Hayward|140,606|0.4|140,030|7.9|26.8|10.2|50.4|43.0|11.0|0.8|19.0|1.9|7.5|34.2|50.0|34.8|48.9|75.1|19.9|31.3|45,922|53.2|237,300|44,804|3.08|51,177|19,695|10.0|5,944,251|1,751,998|12,374|132,729|9,317|S|F|S|S|F|23.7|44|3,158.8|33000|Alameda County 
Hemet|70,136|19.1|58,812|6.5|22.6|33.1|54.2|80.5|2.6|1.2|1.5|0.1|3.5|23.1|42.3|11.5|19.7|73.5|10.8|28.9|29,401|64.6|93,700|25,252|2.26|26,839|16,226|16.3|D|822,808|13,029|71,450|3,704|S|F|F|S|F|S|25|2,293.8|33182|Riverside County 
Hesperia|83,351|32.9|62,582|7.9|32.8|11.0|50.7|74.3|4.0|1.3|1.1|0.2|4.7|29.4|49.7|9.8|20.7|72.6|8.0|39.1|21,348|72.3|95,900|19,966|3.12|40,201|15,487|14.1|110,107|260,914|3,892|43,263|4,408|S|F|F|22.4|F|26.2|67|929.2|33434|San Bernardino County 
Highland|51,550|15.4|44,605|9.5|35.6|6.5|51.2|56.2|12.1|1.3|6.1|0.3|5.2|36.6|45.9|19.1|33.1|72.0|16.1|27.1|14,858|66.6|128,500|13,478|3.29|41,230|16,039|21.5|D|117,597|2,502|15,423|2,558|S|F|S|S|F|40.6|13|3,272.6|33588|San Bernardino County 
Hollister|35,690|3.7|34,413|10.0|34.6|6.3|49.5|59.1|1.4|1.1|2.8|0.2|5.4|55.1|45.9|20.8|42.7|72.3|15.0|34.4|9,924|67.0|266,300|9,716|3.52|56,104|18,857|9.5|D|371,054|10,230|33,258|2,356|F|F|F|17.7|F|S|6|5,237.9|34120|San Benito County 
Huntington Beach|194,436|2.5|189,594|6.2|22.2|10.4|49.9|79.2|0.8|0.7|9.3|0.2|3.9|14.7|50.1|16.9|21.9|89.6|36.0|28.7|75,662|60.6|311,800|73,657|2.56|64,824|31,964|6.6|3,957,264|1,945,786|10,078|272,862|21,035|0.6|S|8.7|S|S|29.3|26|7,184.3|36000|Orange County 
Huntington Park|62,165|1.3|61,348|10.4|35.8|5.1|49.9|41.4|0.8|1.0|0.8|0.1|4.9|95.6|46.3|55.9|90.9|32.2|4.7|29.5|15,335|27.4|164,700|14,860|4.12|28,941|9,340|25.2|407,237|420,725|6,725|58,717|3,273|F|F|8.2|57.8|F|S|3|20,246.9|36056|Los Angeles County 
Imperial Beach|26,137|-3.2|26,992|8.4|29.4|7.5|50.1|62.3|5.3|1.1|6.5|0.6|6.5|40.1|39.1|20.4|39.2|77.0|11.7|28.7|9,739|30.0|171,700|9,272|2.84|35,882|16,003|18.8|27,712|42,300|1,564|17,331|1,273|F|F|S|S|F|45.0|4|6,321.3|36294|San Diego County 
Indio|76,896|56.6|49,116|10.4|35.3|9.1|49.7|48.7|2.8|1.0|1.5|0.1|3.9|75.4|49.6|33.2|64.5|55.7|8.6|21.0|16,909|56.2|99,000|13,871|3.48|34,624|13,525|21.5|183,099|572,502|10,596|51,475|3,028|F|F|S|59.3|F|48.6|26|1,840.2|36448|Riverside County 
Inglewood|114,914|2.1|112,580|9.1|32.4|7.1|52.5|19.1|47.1|0.7|1.1|0.4|4.2|46.0|52.9|29.5|46.8|63.7|13.3|29.7|38,648|36.3|175,000|36,805|3.02|34,269|14,776|22.5|377,427|636,530|5,562|78,803|8,003|S|S|7.8|27.5|F|S|9|12,317.3|36546|Los Angeles County 
Irvine|193,956|34.6|143,072|5.6|23.5|7.2|51.6|61.1|1.4|0.2|29.8|0.1|4.8|7.4|39.2|32.1|39.7|95.3|58.4|22.8|53,711|60.0|316,800|51,199|2.66|72,057|32,196|9.1|39,615,179|2,960,830|18,246|494,336|22,210|1.4|F|21.3|3.7|F|21.0|46|3,098.1|36770|Orange County 
La Habra|59,264|0.5|58,974|8.4|29.1|10.8|50.7|63.0|1.6|1.0|5.9|0.2|4.7|49.0|48.7|27.0|43.8|73.4|18.2|29.2|19,441|56.6|199,500|18,947|3.08|47,652|18,923|12.9|D|698,407|11,697|74,866|4,152|F|F|S|25.0|F|23.2|7|8,045.6|39290|Orange County 
La Mesa|53,043|-3.1|54,749|5.7|19.8|17.0|52.8|80.6|4.9|0.7|4.1|0.4|4.3|13.5|46.6|11.6|17.2|89.6|27.6|24.0|24,943|47.2|198,700|24,186|2.22|41,693|22,372|9.4|128,482|1,138,377|20,847|122,904|5,327|F|F|S|7.6|F|26.2|9|5,912.4|40004|San Diego County 
La Mirada|49,733|6.3|46,783|6.3|26.2|13.8|51.7|64.5|1.9|0.8|14.9|0.3|4.1|33.5|60.7|22.7|36.9|84.5|25.2|28.4|14,811|82.0|210,700|14,580|3.10|61,632|22,404|5.6|2,239,108|294,034|6,101|61,231|3,649|F|F|S|21.1|F|28.3|7|5,959.6|40032|Los Angeles County 
La Puente|41,526|1.1|41,063|9.0|33.8|7.7|50.0|39.1|2.0|1.3|7.2|0.2|5.2|83.1|60.0|43.5|76.1|49.7|7.8|30.3|9,660|60.9|146,500|9,461|4.34|41,222|11,336|18.9|D|263,656|6,318|26,666|2,155|F|F|17.9|47.8|F|15.9|3|11,765.9|40340|Los Angeles County 
La Verne|33,316|5.3|31,638|5.8|25.2|13.1|51.9|77.1|3.2|0.6|7.2|0.2|4.3|23.1|57.8|14.5|23.7|88.7|31.6|30.6|11,286|77.5|242,100|11,070|2.79|61,326|26,689|4.7|322,501|224,691|6,913|42,094|2,772|S|F|8.4|15.4|F|16.7|8|3,807.2|40830|Los Angeles County 
Laguna Hills|32,156|0.5|31,178|6.1|26.2|12.1|51.9|76.8|1.4|0.4|10.2|0.2|3.8|16.4|53.0|22.3|28.0|91.0|39.3|27.0|11,303|75.2|330,500|10,895|2.82|70,234|36,133|5.0|498,464|597,117|18,526|79,979|5,226|F|F|16.9|S|F|S|6|4,909.9|39220|Orange County 
Laguna Niguel|64,771|3.2|61,891|7.0|26.6|8.9|51.3|83.5|1.3|0.3|7.7|0.1|3.6|10.4|49.2|17.5|21.4|95.2|47.8|30.4|23,885|75.0|374,800|23,217|2.65|80,733|39,167|4.1|286,962|901,040|14,120|57,680|7,812|F|F|S|3.4|F|24.3|14|4,221.8|39248|Orange County 
Lake Elsinore|45,033|55.7|28,928|9.8|36.0|6.7|50.1|65.6|5.2|1.3|2.0|0.3|5.2|38.0|38.0|17.2|30.3|71.3|8.6|41.5|9,505|64.6|144,800|8,817|3.27|41,884|15,413|17.0|D|421,582|13,234|46,778|2,426|F|F|F|S|F|42.6|33|855.9|39486|Riverside County 
Lake Forest|76,323|0.4|58,707|7.1|27.0|8.6|50.8|76.0|1.8|0.5|9.7|0.2|4.2|18.6|50.6|21.1|27.1|88.7|33.9|25.3|20,486|72.0|278,000|20,008|2.89|67,967|28,583|5.3|1,999,863|714,896|9,322|105,111|8,150|S|F|9.6|9.9|F|S|12|4,700.3|39496|Orange County 
Lakewood|80,055|0.9|79,345|7.1|27.5|11.9|51.6|62.7|7.3|0.6|13.5|0.6|5.2|22.8|60.8|19.0|29.1|85.1|20.7|27.3|27,310|72.0|202,800|26,853|2.95|58,214|22,095|7.4|D|980,801|12,184|115,850|5,146|S|S|S|19.6|F|31.7|9|8,414.1|39892|Los Angeles County 
Lancaster|140,804|18.6|118,718|8.0|32.3|8.6|49.2|62.8|16.0|1.0|3.8|0.2|5.0|24.1|43.2|13.0|21.7|78.3|15.8|31.6|41,745|61.4|103,700|38,224|2.92|41,127|16,935|16.4|304,653|1,228,486|9,923|121,748|7,412|13.7|F|S|S|F|36.7|94|1,263.0|40130|Los Angeles County 
Lawndale|32,016|1.0|31,711|9.3|31.9|5.6|49.4|42.2|12.6|1.0|9.6|0.9|6.6|52.1|44.5|38.7|57.5|63.4|12.5|25.3|9,869|33.2|178,700|9,555|3.31|39,012|13,702|17.3|70,892|195,574|6,077|22,463|2,224|4.7|F|S|S|F|23.5|1|16,015.7|40886|Los Angeles County 
Livermore|79,438|8.2|73,345|7.7|28.1|7.5|50.0|81.9|1.6|0.6|5.8|0.3|4.5|14.4|47.4|12.2|16.1|89.6|31.6|31.3|26,610|72.2|314,600|26,123|2.80|75,322|31,062|5.3|2,357,661|932,972|12,254|103,665|5,976|F|F|10.3|10.8|F|38.6|23|3,066.3|41992|Alameda County 
Lodi|62,451|9.4|56,999|7.9|28.2|14.3|51.2|74.4|0.6|0.9|5.1|0.1|4.9|27.1|46.4|18.8|29.7|72.9|15.6|22.5|21,378|54.6|141,500|20,692|2.71|39,570|18,719|16.7|448,886|724,740|11,973|74,535|4,360|F|F|S|S|F|S|12|4,656.8|42202|San Joaquin County 
Lompoc|39,883|-3.0|41,103|8.0|29.9|9.4|46.9|65.8|7.3|1.6|3.9|0.3|5.4|37.3|50.5|17.9|31.9|74.4|13.8|25.7|13,621|51.6|148,300|13,059|2.88|37,587|15,509|15.4|D|295,400|7,187|49,126|2,097|F|6.2|5.6|S|F|39.2|11|3,531.2|42524|Santa Barbara County 
Long Beach|472,494|2.4|461,522|8.4|29.2|9.1|50.9|45.2|14.9|0.8|12.0|1.2|5.3|35.8|45.2|28.6|44.2|72.7|23.9|28.7|171,632|41.0|210,000|163,088|2.77|37,270|19,040|22.8|6,470,706|2,599,922|5,525|646,802|31,742|S|2.0|12.5|19.8|F|31.0|50|9,149.9|43000|Los Angeles County 
Los Altos|27,483|-0.8|27,693|5.9|23.7|19.3|51.8|80.3|0.5|0.2|15.4|0.2|2.8|3.0|66.5|17.6|20.2|97.2|71.3|22.1|10,727|85.6|983,000|10,462|2.61|126,740|66,776|2.4|319,751|203,672|7,508|49,572|3,937|F|F|14.4|S|F|34.3|6|4,361.1|43280|Santa Clara County 
Los Angeles|3,849,378|4.2|3,694,820|7.7|26.6|9.7|50.2|46.9|11.2|0.8|10.0|0.2|5.2|46.5|49.5|40.9|57.8|66.6|25.5|29.6|1,337,706|38.6|221,600|1,275,412|2.83|36,687|20,671|22.1|49,019,131|30,196,646|7,976|5,592,058|395,667|6.6|1.5|12.1|21.4|S|29.8|469|7,876.9|44000|Los Angeles County 
Los Banos|34,717|34.1|25,869|9.4|35.1|9.3|50.2|58.6|4.3|1.4|2.3|0.3|6.2|50.4|46.9|18.9|40.1|69.6|9.9|44.5|8,049|67.9|140,200|7,721|3.33|43,690|15,582|12.1|D|209,047|7,082|21,578|1,426|F|F|S|39.7|F|37.0|8|3,217.5|44028|Merced County 
Los Gatos|28,366|-1.0|28,592|5.0|21.2|15.3|52.5|86.7|0.8|0.3|7.6|0.1|3.3|5.2|54.7|14.9|17.4|96.0|58.9|26.6|12,367|65.3|784,600|11,988|2.33|94,319|56,094|4.3|D|641,809|22,816|85,590|4,781|F|F|S|F|F|27.9|10|2,669.7|44112|Santa Clara County 
Lynwood|71,061|1.7|69,845|10.6|38.0|4.2|48.9|33.6|13.5|1.2|0.8|0.4|4.4|82.3|54.8|43.6|78.1|38.5|4.5|30.7|14,987|47.1|146,700|14,395|4.70|35,888|9,542|23.5|D|192,246|2,707|37,313|3,174|12.6|F|S|64.1|F|25.2|4|14,401.0|44574|Los Angeles County 
Madera|54,959|26.3|43,207|10.7|35.4|8.8|49.3|48.1|3.9|2.8|1.4|0.1|5.7|67.8|47.5|31.7|55.7|52.8|9.3|25.5|12,521|52.7|93,600|11,978|3.57|31,033|11,674|32.5|127,016|374,069|8,135|30,958|1,955|F|F|F|S|F|S|12|3,515.6|45022|Madera County 
Manhattan Beach|36,665|8.3|33,852|6.5|22.3|10.4|49.6|89.0|0.6|0.2|6.0|0.1|2.8|5.2|55.4|9.1|11.7|96.8|67.6|28.9|15,034|65.1|672,600|14,474|2.34|100,750|61,136|3.2|820,048|594,453|16,848|143,766|5,572|F|F|12.7|S|F|41.6|3|8,613.7|45400|Los Angeles County 
Manteca|63,709|28.1|49,258|7.5|31.6|9.3|51.0|74.2|2.9|1.3|3.5|0.4|6.2|25.1|49.8|10.7|19.3|78.3|11.0|34.2|16,937|63.0|156,100|16,368|2.98|46,677|18,241|9.7|D|580,779|10,240|54,826|3,045|S|F|12.1|S|F|34.5|15|3,096.0|45484|San Joaquin County 
Martinez|35,593|-0.8|35,866|5.6|22.7|10.1|50.4|81.0|3.3|0.7|6.6|0.2|4.7|10.2|54.1|9.5|13.9|91.1|32.1|27.9|14,597|68.8|254,300|14,300|2.41|63,010|29,701|5.2|494,809|223,712|6,117|38,740|3,036|F|F|S|S|F|24.6|12|2,927.8|46114|Contra Costa County 
Maywood|28,714|2.2|28,083|11.4|37.0|4.2|49.0|43.0|0.4|1.1|0.4|0.1|4.5|96.3|49.3|55.2|91.9|29.6|2.3|29.2|6,701|29.4|156,100|6,469|4.33|30,480|8,926|24.5|94,691|79,168|2,766|14,932|1,313|F|F|S|67.5|F|S|1|23,799.2|46492|Los Angeles County 
Menlo Park|29,981|-2.6|30,785|6.6|21.9|15.9|51.5|72.4|7.0|0.4|7.1|1.3|3.2|15.6|52.9|22.8|27.2|89.0|61.7|24.6|12,714|57.0|778,500|12,387|2.41|84,609|53,341|6.9|654,127|504,421|16,722|84,334|4,711|S|F|9.8|S|F|34.3|10|3,039.0|46870|San Mateo County 
Merced|76,313|18.9|63,893|9.2|34.7|9.4|51.1|52.4|6.3|1.3|11.4|0.2|5.2|41.4|43.5|22.1|41.5|68.5|13.6|21.6|21,532|46.5|106,400|20,435|3.06|30,429|13,115|27.9|D|935,888|13,704|72,382|3,517|F|F|S|S|F|S|19|3,217.2|46898|Merced County 
Milpitas|64,292|2.5|62,698|7.2|24.6|7.0|47.4|30.9|3.7|0.6|51.8|0.6|4.9|16.6|53.2|47.3|60.0|83.2|36.5|24.0|17,364|69.8|372,900|17,132|3.47|84,429|27,823|5.0|3,609,911|777,192|12,260|231,759|4,619|S|F|40.2|S|F|18.9|13|4,623.7|47766|Santa Clara County 
Mission Viejo|94,848|2.4|93,102|6.9|27.1|10.9|51.1|83.2|1.1|0.4|7.7|0.2|3.6|12.1|54.2|16.5|21.1|93.8|41.2|27.9|32,985|81.4|293,300|32,449|2.84|78,248|33,302|3.8|6,441,832|1,241,532|12,990|103,567|10,382|F|S|7.4|4.0|F|28.1|18|4,989.4|48256|Orange County 
Modesto|205,721|9.0|188,856|7.6|30.1|11.1|51.5|69.6|4.0|1.2|6.0|0.5|5.9|25.6|49.3|15.8|28.1|75.0|16.5|25.7|67,179|58.7|126,000|64,959|2.86|40,394|17,797|15.7|1,035,715|2,483,944|12,241|307,448|12,475|S|S|8.3|15.7|F|28.4|35|5,276.8|48354|Stanislaus County 
Monrovia|38,006|2.9|36,929|8.0|27.4|10.4|52.0|62.9|8.7|0.9|7.0|0.1|4.8|35.2|49.4|21.5|35.3|78.0|25.1|27.1|13,957|47.9|229,600|13,502|2.71|45,375|21,686|13.1|216,571|708,052|18,770|76,078|3,618|F|F|12.1|14.0|F|28.9|13|2,685.7|48648|Los Angeles County 
Montclair|35,544|7.1|33,049|8.9|33.1|8.3|50.1|44.8|6.4|1.0|8.1|0.3|4.8|60.0|53.4|34.1|57.1|60.4|9.6|31.6|9,066|60.6|135,700|8,800|3.69|40,797|13,556|17.4|175,720|900,103|26,221|64,575|2,325|9.5|F|S|32.6|F|S|5|6,480.2|48788|San Bernardino County 
Montebello|62,968|1.3|62,150|8.1|28.6|12.4|52.0|46.8|0.9|1.2|11.6|0.1|5.5|74.6|58.2|38.0|72.5|62.1|14.3|27.5|19,416|47.5|199,000|18,844|3.28|38,805|15,125|17.0|1,629,118|759,281|12,002|69,110|4,358|F|F|19.3|S|F|34.5|8|7,533.3|48816|Los Angeles County 
Monterey|28,803|-3.1|29,674|5.0|16.6|14.9|50.8|80.8|2.5|0.6|7.4|0.3|4.4|10.9|38.8|17.8|25.0|91.6|46.2|15.7|13,382|38.5|399,800|12,600|2.13|49,109|27,133|7.8|1,031,179|427,420|14,281|310,599|4,173|F|F|3.9|S|F|33.0|8|3,515.9|48872|Monterey County 
Monterey Park|62,183|3.6|60,051|5.6|21.3|17.9|52.0|21.3|0.4|0.7|61.8|0.1|3.4|28.9|61.0|53.6|75.9|71.6|25.1|27.3|20,209|54.0|216,500|19,564|3.06|40,724|17,661|15.6|454,627|391,124|6,367|82,212|5,862|F|F|64.3|10.1|F|S|7|7,870.4|48914|Los Angeles County 
Moorpark|35,668|13.6|31,415|8.1|34.2|4.5|50.1|74.4|1.5|0.5|5.6|0.1|3.9|27.8|57.4|19.2|28.3|84.7|34.2|28.7|9,094|82.1|281,300|8,994|3.49|76,642|25,383|7.0|D|80,367|2,331|D|2,751|F|S|S|S|F|35.7|19|1,651.7|49138|Ventura County 
Moreno Valley|183,571|28.9|142,381|8.8|36.8|5.5|51.1|46.8|19.9|0.9|5.9|0.5|5.8|38.4|46.3|20.0|34.9|74.5|14.0|35.3|41,431|71.1|118,900|39,225|3.61|47,387|14,983|14.2|D|883,999|5,870|95,061|8,102|13.1|S|9.8|26.9|F|31.4|51|2,779.3|49270|Riverside County 
Morgan Hill|35,982|9.1|33,556|8.1|30.5|7.5|50.4|72.4|1.7|1.1|6.0|0.2|5.1|27.5|47.1|15.2|25.6|86.8|33.5|33.9|11,091|72.5|435,200|10,846|3.05|81,958|33,047|4.7|969,718|352,383|10,668|46,200|3,067|F|F|S|14.6|F|25.4|11|2,875.4|49278|Santa Clara County 
Mountain View|70,090|-0.9|70,708|6.0|18.0|10.5|48.3|63.8|2.5|0.4|20.7|0.3|4.1|18.3|42.6|35.0|39.9|89.0|55.3|32.0|32,432|41.5|546,900|31,242|2.25|69,362|39,693|6.8|2,283,763|989,828|14,213|163,052|6,763|S|F|21.1|S|F|29.4|12|5,863.0|49670|Santa Clara County 
Murrieta|90,457|77.8|44,282|7.5|33.7|11.4|51.0|81.6|3.4|0.7|4.0|0.2|4.3|17.5|42.2|8.6|15.5|90.0|23.0|35.7|14,921|79.7|190,700|14,320|3.08|60,911|23,290|4.3|D|530,660|8,760|45,175|5,517|3.2|F|S|S|F|22.2|28|1,559.8|50076|Riverside County 
Napa|74,966|3.0|72,585|6.8|25.7|13.8|50.9|80.3|0.5|0.9|1.7|0.2|3.7|26.8|49.0|19.3|26.1|79.2|23.3|23.9|27,776|60.6|238,300|26,978|2.64|49,154|23,642|8.9|506,208|906,626|12,101|146,147|6,611|F|F|4.4|7.0|F|25.4|17|4,100.8|50258|Napa County 
National City|60,960|12.5|54,260|8.1|30.1|11.0|49.4|35.1|5.6|1.0|18.6|0.9|5.4|59.1|48.5|41.3|70.2|57.2|9.0|24.0|15,422|35.0|141,500|15,018|3.39|29,826|11,582|22.0|728,102|1,308,965|22,872|105,168|3,064|4.3|S|S|44.8|F|23.8|7|7,342.4|50398|San Diego County 
Newark|41,891|-1.4|42,471|7.2|27.3|7.8|49.6|52.2|4.0|0.6|21.3|1.0|7.1|28.6|59.5|31.6|44.8|79.2|24.2|30.5|13,150|70.6|303,700|12,992|3.26|69,350|23,641|5.5|729,311|815,146|18,945|98,032|3,000|S|F|33.1|S|F|28.9|13|3,040.2|50916|Alameda County 
Newport Beach|80,006|3.7|70,032|4.0|15.7|17.6|50.5|92.2|0.5|0.3|4.0|0.1|1.7|4.7|45.1|10.7|12.7|96.7|58.5|24.3|37,288|55.7|708,200|33,071|2.09|83,455|63,015|4.4|1,835,306|1,791,845|22,621|417,205|17,110|F|F|6.6|S|F|23.0|14|4,738.3|51182|Orange County 
Norwalk|105,240|0.9|103,298|8.6|32.1|9.0|50.5|44.8|4.6|1.2|11.5|0.4|4.7|62.9|56.2|36.4|61.6|63.0|10.6|27.5|27,554|65.8|161,100|26,887|3.79|46,047|14,022|11.9|518,630|781,568|7,357|75,500|5,360|6.1|F|31.1|36.9|F|32.6|9|10,671.3|52526|Los Angeles County 
Novato|51,518|8.1|47,630|5.9|23.1|13.0|51.6|82.8|2.0|0.5|5.2|0.2|3.9|13.1|53.7|17.2|21.2|90.5|37.0|34.8|18,994|67.6|381,400|18,524|2.52|63,453|32,402|5.6|543,847|866,452|18,021|83,514|6,118|F|F|S|7.6|F|35.8|27|1,719.5|52582|Marin County 
Oakland|397,067|-0.6|399,484|7.1|25.0|10.5|51.7|31.3|35.7|0.7|15.2|0.5|5.0|21.9|51.5|26.6|36.8|73.9|30.9|31.1|157,508|41.4|235,500|150,790|2.60|40,055|21,936|19.4|3,565,596|2,518,773|6,276|535,149|34,050|17.5|1.5|14.8|8.6|S|37.2|56|7,126.0|53000|Alameda County 
Oakley|28,822|12.4|25,619|8.5|34.5|5.4|49.5|75.5|3.4|0.9|2.9|0.3|6.5|25.0|53.4|9.6|18.6|84.8|13.7|44.0|7,946|85.1|187,400|7,832|3.26|65,589|21,895|5.0|D|101,690|3,901|D|1,560|F|S|F|S|F|S|12|2,062.7|53070|Contra Costa County 
Oceanside|165,803|3.0|161,029|7.6|27.6|13.6|50.5|66.4|6.3|0.9|5.5|1.3|5.2|30.2|44.1|20.5|32.2|80.8|22.2|28.7|59,581|62.1|195,800|56,488|2.83|46,301|20,329|11.6|876,852|1,166,531|7,075|169,514|11,418|4.6|F|8.3|19.0|F|35.2|40|3,967.2|53322|San Diego County 
Ontario|173,351|9.7|158,007|9.7|34.4|5.9|49.9|47.8|7.5|1.1|3.9|0.4|5.3|59.9|48.9|31.0|53.0|62.5|10.5|30.5|45,182|57.6|140,000|43,525|3.60|42,452|14,244|15.5|9,096,144|2,422,288|14,707|320,207|9,916|S|F|11.1|30.0|F|23.8|49|3,174.1|53896|San Bernardino County 
Orange|135,070|4.2|128,821|7.4|26.7|9.6|49.8|70.5|1.6|0.8|9.3|0.2|3.8|32.2|49.8|25.1|36.7|80.4|28.0|25.0|41,904|62.6|256,600|40,930|3.02|58,994|24,294|10.0|4,209,775|1,820,968|13,809|292,327|13,966|F|F|S|9.0|S|21.7|23|5,507.5|53980|Orange County 
Oxnard|184,463|8.1|170,358|8.9|31.8|8.1|48.9|42.1|3.8|1.3|7.4|0.4|4.7|66.2|51.9|36.9|62.1|59.5|13.7|23.3|45,166|57.3|189,400|43,576|3.85|48,603|15,288|15.1|1,542,118|1,830,608|10,313|172,831|9,592|3.8|S|12.2|34.9|F|25.1|25|6,730.9|54652|Ventura County 
Pacifica|37,327|-2.8|38,390|5.7|23.2|9.7|50.7|69.5|3.3|0.5|15.3|0.7|6.6|14.6|61.7|18.7|24.4|91.5|33.8|30.8|14,245|68.6|367,700|13,994|2.73|71,737|30,183|2.9|D|134,643|3,578|31,307|3,148|F|F|15.4|13.3|F|34.8|12|3,039.6|54806|San Mateo County 
Palm Desert|47,047|14.3|41,155|4.5|17.3|27.6|51.9|86.8|1.2|0.5|2.6|0.1|2.4|17.1|40.4|16.0|20.4|88.9|31.4|19.7|28,021|66.9|189,100|19,184|2.13|48,316|33,463|9.2|D|1,030,662|23,169|285,256|6,793|F|F|S|S|F|25.2|24|1,688.8|55184|Riverside County 
Palm Springs|47,806|11.8|42,807|4.7|17.0|26.2|48.1|78.3|3.9|0.9|3.8|0.1|3.1|23.7|47.0|21.4|27.6|81.7|26.6|21.4|30,823|60.8|157,000|20,516|2.05|35,973|25,957|15.1|D|486,157|10,913|272,028|5,904|S|F|S|S|F|26.9|94|454.2|55254|Riverside County 
Palmdale|138,790|18.8|116,670|9.3|38.0|5.6|50.9|54.8|14.5|1.0|3.8|0.2|5.2|37.7|46.4|19.8|34.7|74.0|13.3|42.9|37,096|71.0|116,400|34,285|3.40|46,941|16,384|15.8|D|947,547|7,648|105,213|7,558|12.3|S|4.1|S|F|S|104|1,111.6|55156|Los Angeles County 
Palo Alto|57,809|-1.3|58,598|5.1|21.2|15.6|51.1|75.8|2.0|0.2|17.2|0.1|3.2|4.6|55.4|26.5|28.6|96.2|74.4|21.0|26,048|57.2|811,800|25,216|2.30|90,377|56,257|4.8|841,101|1,400,433|24,425|257,241|9,257|F|F|S|2.2|F|28.0|23|2,475.6|55282|Santa Clara County 
Paradise|26,389|-0.1|26,408|4.3|20.4|27.2|53.4|93.7|0.2|1.1|1.0|0.1|2.6|4.3|54.1|3.7|5.4|85.7|19.4|22.4|12,374|70.9|129,100|11,591|2.22|31,863|19,267|12.4|2,315|150,754|5,661|18,358|2,249|F|F|F|F|F|15.4|18|1,447.0|55520|Butte County 
Paramount|56,369|2.1|55,266|11.0|36.9|5.2|50.9|34.7|13.6|1.1|3.3|0.8|4.8|72.3|47.9|40.6|71.8|50.0|7.0|27.1|14,591|42.9|154,300|13,972|3.93|36,749|11,487|21.9|991,280|335,764|5,960|32,758|3,349|S|F|S|41.9|F|S|4|11,684.1|55618|Los Angeles County 
Pasadena|144,133|7.6|133,936|6.9|23.1|12.1|51.1|53.4|14.4|0.7|10.0|0.1|5.4|33.4|49.6|32.3|45.0|79.5|41.3|25.9|54,132|45.8|286,400|51,844|2.52|46,012|28,186|15.9|3,786,394|2,198,589|15,765|455,974|16,181|7.4|2.0|9.1|S|S|27.7|23|5,798.1|56000|Los Angeles County 
Perris|51,397|42.0|36,189|10.8|39.6|6.2|51.0|41.2|15.9|1.5|2.7|0.3|5.8|56.2|41.8|27.0|50.1|61.0|6.6|37.9|10,553|68.1|91,300|9,652|3.73|35,522|11,425|20.4|D|541,636|14,032|27,770|1,838|S|F|S|S|F|26.5|31|1,153.6|56700|Riverside County 
Petaluma|54,660|Z|54,548|6.6|26.2|11.0|51.1|84.2|1.2|0.5|3.9|0.2|4.0|14.6|54.5|14.4|18.3|85.9|30.1|33.8|20,304|70.1|289,500|19,932|2.70|61,679|27,087|6.0|797,400|780,510|14,170|82,347|6,141|F|S|4.1|S|F|25.2|13|3,952.8|56784|Sonoma County 
Pico Rivera|64,336|1.4|63,428|8.2|31.0|11.0|50.9|49.4|0.7|1.4|2.7|0.1|5.4|88.3|64.3|33.9|72.6|55.1|7.1|27.1|16,807|70.4|166,800|16,468|3.83|41,564|13,011|12.6|761,492|263,171|4,084|48,153|3,379|S|S|6.4|55.6|F|S|8|7,641.9|56924|Los Angeles County 
Pittsburg|63,017|11.2|56,769|8.3|30.8|8.2|50.9|43.5|18.9|0.8|12.6|0.9|7.2|32.2|51.6|24.8|38.5|75.7|14.7|37.3|18,300|62.8|165,100|17,741|3.17|50,557|18,241|11.5|206,138|587,019|9,755|45,500|2,975|S|S|13.9|17.7|F|28.3|15|3,639.0|57456|Contra Costa County 
Placentia|49,943|7.3|46,488|7.4|27.0|9.1|50.4|67.8|1.8|0.8|11.2|0.2|3.6|31.1|50.1|24.5|35.5|81.5|31.3|26.3|15,326|69.0|264,500|15,037|3.07|62,803|23,843|8.7|624,828|306,243|6,423|51,365|4,157|F|F|11.5|S|F|32.2|6|7,054.3|57526|Orange County 
Pleasant Hill|33,191|1.1|32,837|6.1|21.3|13.2|51.5|81.8|1.5|0.5|9.4|0.3|4.2|8.4|52.1|14.0|17.7|93.1|42.5|30.3|14,034|63.5|294,000|13,753|2.35|67,489|33,076|5.0|179,926|576,788|17,284|71,888|3,559|F|F|S|S|F|32.0|7|4,631.5|57764|Contra Costa County 
Pleasanton|66,397|4.0|63,654|6.8|28.2|7.6|50.9|80.4|1.4|0.3|11.7|0.1|3.7|7.9|48.3|14.2|17.4|94.2|47.3|33.3|23,968|73.4|435,300|23,311|2.72|90,859|41,623|2.6|9,044,670|1,265,983|19,253|165,624|7,002|S|F|S|5.9|F|22.5|21|2,937.4|57792|Alameda County 
Pomona|154,271|4.3|149,473|9.4|34.6|6.4|49.4|41.8|9.6|1.3|7.2|0.2|5.0|64.5|51.1|36.7|62.8|54.9|12.8|31.9|39,598|57.3|137,700|37,855|3.82|40,021|13,336|21.6|1,403,162|924,239|6,110|111,253|7,897|S|S|9.6|S|F|S|22|6,544.4|58072|Los Angeles County 
Porterville|45,716|15.0|39,615|9.5|34.3|9.4|50.9|54.8|1.3|1.7|4.6|0.2|4.7|49.4|46.3|22.6|43.3|61.7|11.0|20.9|12,691|56.4|93,500|11,884|3.20|32,046|12,745|25.7|54,221|434,676|10,510|39,312|2,137|F|F|F|23.2|F|S|14|2,827.6|58240|Tulare County 
Poway|48,117|0.2|48,044|6.0|30.7|8.6|50.8|82.9|1.7|0.5|7.5|0.3|4.0|10.4|54.9|10.6|14.8|93.1|39.3|25.8|15,714|77.7|284,200|15,467|3.08|71,708|29,788|4.3|890,464|760,892|15,591|52,460|4,648|F|F|S|S|F|S|39|1,225.0|58520|San Diego County 
Rancho Cordova|59,921|11.8|X|X|X|X|X|X|X|X|X|X|X|X|X|X|X|X|X|X|X|X|X|X|X|X|X|X|X|X|X|X|F|F|F|F|F|F|F|X|X|59444|Nevada County 
Rancho Cucamonga|170,714|33.6|127,743|7.0|29.9|6.1|50.0|66.5|7.9|0.7|6.0|0.3|5.4|27.8|50.8|13.8|25.0|86.0|23.3|32.1|42,134|70.2|182,200|40,863|3.04|60,931|23,702|7.1|2,510,294|1,033,252|7,200|147,318|11,003|S|F|10.9|S|F|34.8|37|3,411.0|59451|San Bernardino County 
Rancho Palos Verdes|41,754|1.8|41,145|4.9|23.0|18.7|51.6|67.2|2.0|0.2|25.9|0.1|3.4|5.7|60.8|26.8|32.1|95.8|58.0|33.1|15,709|81.6|560,500|15,256|2.66|95,503|46,250|2.9|100,044|75,471|1,807|D|4,381|F|F|22.7|F|F|29.3|13|3,012.1|59514|Los Angeles County 
Rancho Santa Margarita|50,618|5.9|47,214|10.2|33.6|3.4|50.8|81.6|1.7|0.4|7.4|0.2|4.1|13.0|37.4|13.2|18.3|95.1|43.8|32.8|16,515|78.3|280,700|16,253|2.90|78,475|31,531|2.9|344,178|369,395|7,607|51,321|4,433|S|F|S|10.3|F|30.5|12|3,847.9|59587|Orange County 
Redding|90,033|11.0|80,865|6.6|26.1|15.5|52.1|88.7|1.1|2.2|3.0|0.1|3.3|5.4|42.6|5.1|7.6|85.2|19.4|17.8|33,802|56.7|121,600|32,103|2.44|34,194|18,207|15.6|432,826|1,651,811|19,255|174,339|7,743|F|1.9|4.6|3.1|F|30.3|58|1,383.7|59920|Shasta County 
Redlands|70,382|10.7|63,591|6.2|26.2|12.6|52.8|73.7|4.3|0.9|5.1|0.2|4.4|24.1|50.8|12.8|22.1|86.6|35.2|23.5|24,790|60.4|159,300|23,593|2.61|48,155|24,237|10.5|148,800|1,168,501|17,538|71,845|5,419|F|F|S|S|F|27.4|35|1,792.8|59962|San Bernardino County 
Redondo Beach|67,346|6.5|63,261|5.7|18.8|8.5|49.6|78.6|2.5|0.5|9.1|0.4|4.6|13.5|46.6|17.0|21.3|92.5|48.0|28.0|29,543|49.5|353,300|28,566|2.21|69,173|38,305|5.9|314,888|637,462|9,744|161,530|8,342|S|F|7.7|8.0|F|33.8|6|10,073.4|60018|Los Angeles County 
Redwood City|73,691|-2.3|75,402|7.5|23.2|10.2|49.7|69.0|2.5|0.5|8.9|0.9|4.2|31.2|49.0|30.0|39.4|82.9|35.7|25.0|28,921|53.0|517,800|28,060|2.62|66,748|34,042|6.0|829,143|1,301,027|17,523|130,775|7,510|F|F|S|S|F|26.7|19|3,870.7|60102|San Mateo County 
Rialto|99,467|7.7|91,873|9.5|37.7|6.4|51.1|39.4|22.3|1.1|2.5|0.4|5.2|51.2|47.5|22.3|43.0|66.5|8.7|33.9|26,045|68.4|116,900|24,659|3.69|41,254|13,375|17.4|D|378,675|3,930|45,688|4,862|31.1|S|3.5|44.4|F|38.9|21|4,200.9|60466|San Bernardino County 
Richmond|102,120|2.9|99,216|7.7|27.7|9.9|51.4|31.4|36.1|0.6|12.3|0.5|5.3|26.5|51.5|25.8|36.2|75.4|22.4|34.3|36,044|53.3|171,900|34,625|2.82|44,210|19,788|16.2|3,733,698|858,764|8,411|59,032|6,209|14.2|F|18.9|S|F|45.8|29|3,309.4|60620|Contra Costa County 
Riverside|293,761|14.9|255,166|8.0|30.1|9.0|50.7|59.3|7.4|1.1|5.7|0.4|5.1|38.1|47.5|19.9|35.3|74.9|19.1|28.7|85,974|56.6|138,500|82,005|3.02|41,646|17,882|15.8|3,147,818|3,450,302|12,605|303,952|18,887|6.2|2.0|8.5|19.9|F|29.3|78|3,267.2|62000|Riverside County 
Rocklin|50,131|37.5|36,330|7.9|30.0|8.6|51.1|88.3|0.9|0.8|4.2|0.2|3.7|7.9|39.9|5.2|7.4|94.4|36.1|27.2|14,421|72.7|213,100|13,258|2.74|64,737|26,910|4.5|581,775|298,881|6,890|29,528|3,901|F|F|S|4.0|F|S|16|2,246.8|62364|Placer County 
Rohnert Park|41,083|-0.6|42,236|6.3|25.3|8.1|51.5|80.3|2.0|0.8|5.6|0.4|5.2|13.6|45.2|12.3|16.9|88.0|24.7|27.9|15,808|58.4|237,300|15,503|2.65|51,942|23,035|8.0|D|533,436|12,964|73,526|2,906|F|F|S|6.4|F|S|6|6,568.6|62546|Sonoma County 
Rosemead|54,991|2.8|53,505|7.5|27.5|10.6|50.9|26.6|0.7|0.9|48.8|0.1|3.4|41.3|57.4|56.4|80.0|53.2|12.9|27.0|14,345|48.8|182,200|13,913|3.80|36,181|12,146|22.8|940,120|230,887|4,232|60,074|3,919|F|F|47.7|S|F|25.3|5|10,389.3|62896|Los Angeles County 
Roseville|107,158|34.0|79,921|7.3|26.8|14.5|52.1|86.0|1.3|0.7|4.3|0.2|3.5|11.5|40.4|9.0|13.4|90.9|31.4|26.3|31,925|69.5|194,900|30,783|2.57|57,367|27,021|4.9|994,417|2,932,064|31,956|223,350|8,225|F|F|5.3|4.0|F|25.6|30|2,622.1|62938|Placer County 
Sacramento|453,781|11.5|407,018|7.1|27.3|11.4|51.4|48.3|15.5|1.3|16.6|0.9|6.4|21.6|48.6|20.3|32.6|77.3|23.9|23.4|163,957|50.1|128,800|154,581|2.57|37,049|18,721|20.0|6,123,441|3,864,211|8,910|718,759|29,607|7.8|S|16.2|9.4|S|31.8|97|4,189.2|64000|Sacramento County 
Salinas|145,032|1.5|151,060|9.3|32.0|7.1|46.8|45.2|3.3|1.3|6.2|0.3|5.1|64.1|45.9|35.2|60.4|56.0|12.3|24.2|39,659|50.1|195,700|38,298|3.66|43,720|14,495|16.7|3,814,588|1,767,414|12,000|161,692|7,932|F|S|12.8|S|F|31.2|19|7,946.3|64224|Monterey County 
San Bernardino|198,985|7.0|185,401|9.8|35.2|8.2|50.8|45.2|16.4|1.4|4.2|0.4|5.3|47.5|45.0|20.6|40.4|64.9|11.6|27.9|63,535|52.4|98,700|56,330|3.19|31,140|12,925|27.6|D|2,483,481|12,923|258,114|10,548|16.9|S|8.5|30.2|F|41.0|58|3,152.5|65000|San Bernardino County 
San Bruno|39,986|-0.4|40,165|6.1|23.0|11.2|50.6|57.7|2.0|0.5|18.7|2.9|7.5|24.1|59.5|32.4|42.2|84.5|26.2|26.2|14,980|63.0|385,100|14,677|2.72|62,081|26,360|4.4|169,398|163,980|4,170|26,546|2,820|F|F|11.0|S|F|23.2|5|7,356.2|65028|San Mateo County 
San Buenaventura|104,092|3.1|100,916|6.6|25.0|12.8|50.8|78.8|1.4|1.2|3.0|0.2|4.3|24.3|47.6|13.0|21.5|85.7|29.2|22.3|39,803|58.7|245,400|38,524|2.56|52,298|25,065|9.0|D|1,678,951|16,268|197,309|11,074|F|S|S|11.6|F|33.2|21|4,789.6|65042|Ventura County 
San Carlos|27,002|-2.6|27,718|7.0|22.1|14.3|51.9|84.5|0.8|0.2|7.9|0.4|3.8|7.7|59.9|15.6|19.2|94.6|49.8|26.1|11,691|72.7|626,400|11,455|2.40|88,460|46,628|2.7|595,592|433,952|16,031|38,296|3,989|F|F|S|S|F|39.0|5|4,682.1|65070|San Mateo County 
San Clemente|61,050|22.3|49,936|6.5|24.1|13.1|49.4|87.9|0.8|0.6|2.6|0.1|2.8|15.9|48.1|13.5|18.6|90.7|36.1|27.2|20,653|62.4|372,400|19,395|2.56|63,507|34,169|7.6|714,040|368,102|6,593|70,063|7,643|F|F|S|7.2|F|38.8|17|2,834.1|65084|Orange County 
San Diego|1,256,951|2.7|1,223,400|6.7|24.0|10.5|49.6|60.2|7.9|0.6|13.6|0.5|4.8|25.4|43.6|25.7|37.4|82.8|35.0|23.2|469,689|49.5|233,100|450,691|2.61|45,733|23,609|14.6|21,359,621|13,953,238|11,136|3,508,436|110,024|3.3|0.9|10.5|11.8|S|29.6|324|3,772.0|66000|San Diego County 
San Dimas|35,714|2.1|34,980|5.9|25.5|11.9|52.0|74.7|3.3|0.7|9.4|0.2|4.4|23.3|56.1|15.4|26.5|87.3|28.4|30.1|12,503|73.7|232,400|12,163|2.78|62,885|28,321|6.3|720,195|223,283|6,253|52,494|3,458|S|F|S|14.7|F|S|15|2,255.3|66070|Los Angeles County 
San Francisco|744,041|-4.2|776,733|4.1|14.5|13.7|49.2|49.7|7.8|0.5|30.8|0.5|4.3|14.1|54.2|36.8|45.7|81.2|45.0|30.7|346,527|35.0|396,400|329,700|2.30|55,221|34,556|11.3|8,896,586|8,883,316|11,658|3,546,865|91,873|2.9|0.5|21.4|5.8|0.3|31.0|46|16,636.0|67000|San Francisco County 
San Gabriel|41,024|3.0|39,804|6.7|23.5|13.4|52.0|33.4|1.1|0.8|48.9|0.1|3.3|30.7|56.0|52.6|70.2|69.2|24.6|28.3|12,909|47.6|232,600|12,587|3.10|41,791|16,807|15.9|183,195|352,320|8,671|59,220|4,245|F|S|68.1|8.6|F|36.5|4|9,637.8|67042|Los Angeles County 
San Jose|929,936|3.9|894,943|7.6|26.4|8.3|49.2|47.5|3.5|0.8|26.9|0.4|5.0|30.2|51.8|36.9|51.2|78.3|31.6|27.8|281,841|61.8|394,000|276,598|3.20|70,243|26,697|8.8|24,982,537|9,091,996|10,146|1,167,123|60,695|2.7|S|26.8|12.9|F|27.8|174|5,118.1|68000|Santa Clara County 
San Juan Capistrano|34,839|3.0|33,826|7.2|28.1|13.1|50.8|78.5|0.8|1.1|1.9|0.1|3.4|33.1|49.6|23.7|32.1|81.6|30.7|24.6|11,320|78.9|337,800|10,930|3.06|62,392|29,926|10.7|D|618,727|17,954|48,650|4,172|F|F|S|11.8|F|36.0|14|2,380.4|68028|Orange County 
San Leandro|78,030|-1.8|79,452|6.3|22.2|16.0|51.8|51.3|9.9|0.8|23.0|0.9|5.8|20.1|54.1|27.4|38.8|80.9|23.3|30.5|31,334|60.6|235,500|30,642|2.57|51,081|23,895|6.4|2,144,397|1,803,315|22,537|95,398|6,459|S|F|S|8.2|F|28.2|13|6,051.2|68084|Alameda County 
San Luis Obispo|42,963|-2.8|44,174|3.4|14.2|12.1|48.6|84.1|1.5|0.7|5.3|0.1|3.6|11.7|33.5|9.5|13.9|91.1|40.9|15.4|19,306|41.9|278,800|18,639|2.27|31,926|20,386|26.6|223,229|998,648|22,685|173,065|4,890|F|F|S|S|F|23.2|10|4,143.9|68154|San Luis Obispo County 
San Marcos|76,501|39.0|54,977|8.8|29.1|11.9|50.4|67.4|2.0|0.8|4.7|0.2|4.5|36.9|42.4|25.6|36.6|75.1|20.0|27.1|18,862|66.0|206,400|18,111|3.03|45,908|18,657|12.0|789,185|725,240|11,769|77,657|5,568|S|F|2.4|11.0|F|S|23|2,313.8|68196|San Diego County 
San Mateo|91,601|-0.9|92,482|6.1|20.4|15.1|51.1|66.2|2.6|0.5|15.1|1.6|5.0|20.5|54.5|30.2|37.6|85.9|38.6|25.5|38,249|53.9|477,300|37,338|2.44|64,757|36,176|6.1|616,666|1,291,388|14,085|244,482|9,772|2.8|S|17.1|S|F|27.3|12|7,568.1|68252|San Mateo County 
San Pablo|31,044|2.6|30,215|9.1|31.7|8.7|50.9|31.6|18.3|0.9|16.4|0.5|6.8|44.6|50.6|40.9|58.5|62.4|10.4|33.4|9,340|49.1|146,100|9,051|3.29|37,184|14,303|18.1|D|226,402|7,350|22,542|1,406|S|F|S|S|F|S|2|11,711.2|68294|Contra Costa County 
San Rafael|56,008|-0.1|56,063|5.8|19.5|14.4|50.5|75.8|2.2|0.6|5.6|0.2|4.5|23.3|50.7|28.1|32.9|84.7|43.6|30.7|22,948|53.8|477,100|22,371|2.42|60,994|35,762|10.2|1,369,841|1,382,569|24,584|119,767|9,462|F|F|S|7.1|F|23.1|16|3,379.3|68364|Marin County 
San Ramon|49,589|10.7|44,722|7.4|26.3|6.1|50.7|76.8|1.9|0.4|14.9|0.2|3.6|7.2|46.2|16.4|20.2|96.5|52.7|31.3|17,552|71.3|428,700|16,944|2.63|95,856|42,336|2.0|8,235,574|441,978|9,448|124,628|5,493|F|S|15.9|S|F|30.6|11|3,862.0|68378|Contra Costa County 
Santa Ana|340,024|0.6|337,977|10.3|34.2|5.5|48.2|42.7|1.7|1.2|8.8|0.3|4.6|76.1|47.2|53.3|79.6|43.2|9.2|27.1|74,588|49.3|184,500|73,002|4.55|43,412|12,152|19.8|3,615,801|2,972,446|8,707|363,556|19,673|2.6|S|15.9|30.8|F|25.4|27|12,453.1|69000|Orange County 
Santa Barbara|85,681|-4.4|92,325|5.6|19.8|13.8|50.8|74.0|1.8|1.1|2.8|0.1|3.8|35.0|47.0|25.3|36.0|81.3|39.6|16.7|37,076|42.0|479,800|35,605|2.47|47,498|26,466|13.4|582,946|1,590,072|17,912|372,953|13,289|S|S|2.9|9.9|F|25.4|18|4,864.3|69070|Santa Barbara County 
Santa Clara|108,518|6.0|102,361|6.5|19.9|10.6|49.1|55.6|2.3|0.5|29.3|0.4|5.0|16.0|45.7|35.0|42.4|86.9|42.4|21.8|39,630|46.1|396,500|38,526|2.58|69,466|31,755|7.8|9,905,416|1,653,400|16,316|370,062|8,975|S|S|25.5|S|F|S|18|5,566.1|69084|Santa Clara County 
Santa Clarita|168,008|11.1|151,088|7.8|30.3|7.1|50.5|79.5|2.1|0.6|5.2|0.1|3.9|20.5|51.1|16.3|23.1|87.6|29.1|33.0|52,442|74.7|229,200|50,787|2.95|66,717|26,841|6.4|4,182,694|2,078,512|13,085|184,071|14,533|1.7|S|7.1|10.4|F|23.6|47|3,158.9|69088|Los Angeles County 
Santa Cruz|54,778|-1.9|54,593|4.9|17.3|8.5|50.2|78.7|1.7|0.9|4.9|0.1|4.5|17.4|40.5|15.1|22.3|89.1|44.4|23.3|21,504|46.6|411,900|20,442|2.44|50,605|25,758|16.5|456,028|693,311|12,548|168,117|6,477|F|F|S|5.6|F|30.2|12|4,357.0|69112|Santa Cruz County 
Santa Maria|84,712|9.4|77,423|9.0|31.6|11.3|49.2|58.1|1.9|1.8|4.7|0.2|5.4|59.7|45.7|32.0|51.6|61.0|11.0|20.0|22,847|55.9|145,600|22,146|3.40|36,541|13,780|19.7|672,972|1,239,596|15,617|116,278|5,072|2.3|F|S|14.7|F|27.5|19|4,005.3|69196|Santa Barbara County 
Santa Monica|88,050|4.7|84,084|4.1|14.6|14.4|51.8|78.3|3.8|0.5|7.3|0.1|4.1|13.4|52.6|24.8|29.2|91.0|54.8|25.0|47,863|29.8|625,900|44,497|1.83|50,714|42,874|10.4|4,810,469|3,081,902|35,614|591,059|20,965|1.6|F|7.4|5.2|F|28.4|8|10,179.7|70000|Los Angeles County 
Santa Paula|28,531|-0.3|28,598|8.8|31.4|10.7|49.1|55.2|0.4|1.4|0.7|0.2|4.7|71.2|53.4|29.5|57.6|57.8|8.6|25.3|8,341|57.7|179,800|8,136|3.49|41,651|15,736|14.7|D|138,786|4,836|17,879|1,651|F|F|F|49.1|F|S|4|6,217.0|70042|Ventura County 
Santa Rosa|154,212|3.9|147,595|6.5|24.3|13.9|51.2|77.6|2.2|1.4|3.8|0.3|4.4|19.2|47.0|16.3|22.2|84.2|27.6|23.1|57,578|58.5|245,000|56,036|2.57|50,931|24,495|8.5|991,437|2,654,974|17,374|237,069|15,007|1.4|S|4.0|S|F|31.7|40|3,677.9|70098|Sonoma County 
Santee|52,530|-0.8|52,975|6.7|28.2|8.9|51.8|86.7|1.5|0.8|2.5|0.4|4.0|11.4|54.4|6.6|11.7|88.4|17.0|26.7|18,833|71.0|187,700|18,470|2.81|53,624|21,311|5.4|179,109|496,501|9,406|43,220|3,738|F|F|2.7|S|F|S|16|3,298.6|70224|San Diego County 
Saratoga|30,045|0.6|29,843|5.4|26.0|16.3|50.9|67.4|0.4|0.2|29.1|0.1|2.3|3.1|65.2|25.6|32.7|96.5|68.2|26.6|10,649|90.0|1,000,001|10,450|2.83|139,895|65,400|2.8|D|94,964|3,237|34,901|3,344|F|F|29.2|S|F|43.8|12|2,464.3|70280|Santa Clara County 
Seaside|34,066|2.9|31,696|9.7|30.2|8.5|49.1|49.2|12.6|1.0|10.1|1.3|7.3|34.5|47.2|31.2|43.6|70.1|17.5|19.6|11,005|44.0|237,700|9,833|3.21|41,393|15,183|12.1|13,909|565,311|16,634|40,145|1,677|F|F|F|S|F|S|8|3,589.6|70742|Monterey County 
Simi Valley|121,288|8.9|111,351|7.3|28.4|7.6|50.5|81.3|1.3|0.7|6.3|0.1|3.7|16.8|52.1|15.1|21.0|86.9|24.9|29.0|37,272|77.6|239,900|36,421|3.04|70,370|26,586|5.8|D|1,181,889|10,174|133,809|11,352|S|F|S|15.2|S|28.8|39|2,842.0|72016|Ventura County 
South Gate|98,434|2.1|96,375|10.1|35.6|5.4|50.4|41.6|1.0|0.9|0.8|0.1|4.5|92.0|52.9|49.3|86.8|39.9|4.9|30.5|24,269|46.9|161,400|23,213|4.15|35,695|10,602|19.2|1,784,189|591,835|6,010|60,955|5,350|F|S|S|58.6|F|25.9|7|13,076.7|73080|Los Angeles County 
South San Francisco|61,354|1.3|60,552|6.5|24.2|12.6|50.4|44.0|2.8|0.6|28.9|1.6|7.0|31.8|61.1|39.1|54.7|79.8|25.2|26.7|20,138|62.5|352,900|19,677|3.05|61,764|23,562|5.2|5,872,580|681,652|11,409|152,217|5,112|S|F|31.1|S|F|27.1|9|6,713.1|73262|San Mateo County 
Stanton|37,640|0.6|37,403|9.3|30.4|9.6|49.4|49.6|2.3|1.1|15.5|0.9|5.0|48.9|43.1|41.3|58.5|62.7|11.9|29.5|11,011|48.9|164,000|10,767|3.43|39,127|14,197|18.0|D|341,484|9,046|36,956|2,140|F|F|15.9|23.6|F|S|3|11,988.1|73962|Orange County 
Stockton|290,141|19.0|243,771|8.6|32.4|10.2|51.3|43.3|11.2|1.1|19.9|0.4|6.8|32.5|48.5|24.5|41.5|68.2|15.4|27.2|82,042|51.6|119,500|78,556|3.04|35,453|15,405|23.9|2,771,636|2,522,032|9,608|284,361|14,231|S|S|18.9|17.6|S|26.8|54|4,455.7|75000|San Joaquin County 
Suisun City|26,917|3.1|26,118|7.7|32.5|5.7|50.5|44.4|19.3|0.7|17.7|1.0|8.3|17.8|56.5|19.8|28.9|85.6|17.3|36.3|8,146|73.6|160,700|7,987|3.26|60,848|20,386|6.5|D|78,667|2,927|D|1,327|S|F|S|S|F|S|4|6,513.2|75630|Solano County 
Sunnyvale|130,519|-1.0|131,760|7.0|20.4|10.6|48.6|53.3|2.2|0.5|32.3|0.3|4.3|15.5|46.2|39.4|45.8|89.4|50.8|22.2|53,753|47.6|495,200|52,539|2.49|74,409|36,524|5.4|6,756,820|1,395,768|10,828|249,481|9,579|3.5|1.7|21.3|9.1|F|28.9|21|6,005.5|77000|Santa Clara County 
Temecula|89,392|41.2|57,716|8.9|34.7|7.1|50.6|78.9|3.4|0.9|4.7|0.3|4.4|19.0|38.0|12.0|19.4|90.1|25.0|33.8|19,099|73.4|190,100|18,293|3.15|59,516|21,557|6.7|1,296,028|1,599,974|21,691|183,946|7,745|F|F|3.9|13.7|F|25.3|26|2,197.9|78120|Riverside County 
Temple City|37,890|13.5|33,377|5.7|24.0|14.0|52.4|48.7|0.9|0.4|38.9|0.1|3.5|20.5|58.2|38.6|51.7|83.5|28.5|31.1|11,674|63.1|234,800|11,338|2.90|48,722|20,267|9.3|D|128,470|3,632|D|3,348|F|F|31.4|S|F|S|4|8,323.4|78148|Los Angeles County 
Thousand Oaks|124,207|6.2|117,005|6.7|26.0|11.1|50.9|85.1|1.1|0.5|5.9|0.1|2.8|13.1|52.3|15.6|19.1|91.4|42.2|26.2|42,958|75.3|324,800|41,793|2.75|76,815|34,314|5.0|D|2,471,333|20,220|225,945|15,202|S|S|S|6.9|F|26.1|54|2,132.8|78582|Ventura County 
Torrance|142,350|3.4|137,946|5.7|23.0|14.1|51.4|59.2|2.2|0.4|28.6|0.3|4.7|12.8|54.2|27.6|35.4|90.6|36.4|25.1|55,967|56.0|320,700|54,542|2.51|56,489|28,144|6.4|32,841,574|3,977,253|28,283|377,312|16,707|1.6|S|30.9|S|F|27.3|20|6,716.0|80000|Los Angeles County 
Tracy|80,308|41.1|56,929|9.4|34.4|6.4|50.0|65.2|5.5|0.9|8.1|0.6|6.6|27.7|45.4|16.8|27.2|81.5|18.0|41.9|18,087|72.2|214,200|17,620|3.21|62,794|21,397|7.0|1,714,772|825,490|12,170|71,501|4,285|F|F|25.6|15.1|F|37.0|21|2,710.9|80238|San Joaquin County 
Tulare|52,109|18.3|43,994|9.6|34.6|9.4|51.4|56.4|5.0|1.4|2.0|0.1|6.0|45.6|51.7|17.6|37.4|65.0|8.2|20.0|14,253|60.5|94,700|13,543|3.22|33,637|13,655|20.7|190,335|439,407|9,590|41,007|2,505|S|F|6.7|S|F|44.6|16|2,648.6|80644|Tulare County 
Turlock|68,492|22.3|55,810|8.1|29.8|11.8|51.9|72.3|1.4|0.9|4.5|0.3|5.4|29.4|49.6|21.5|37.1|70.4|19.1|22.2|19,095|55.8|128,300|18,408|2.92|39,050|16,844|16.2|185,158|642,300|10,425|72,320|3,773|F|F|9.6|9.6|F|S|13|4,196.2|80812|Stanislaus County 
Tustin|69,665|3.0|67,504|8.6|26.8|7.1|51.0|58.7|2.9|0.7|14.9|0.3|4.6|34.2|36.1|33.3|46.6|79.9|33.4|23.6|25,501|49.6|273,300|23,831|2.82|55,985|25,932|8.5|1,520,948|1,498,837|21,891|122,082|7,483|F|S|15.8|10.2|F|27.2|11|5,921.4|80854|Orange County 
Twentynine Palms|30,531|6.8|14,764|9.8|31.2|8.6|49.5|71.0|9.4|1.5|3.8|1.8|6.4|14.9|38.1|6.0|13.5|82.0|13.3|21.1|6,952|43.3|75,400|5,653|2.60|31,178|14,613|16.8|D|45,154|1,535|22,110|771|F|F|F|S|F|38.9|54|269.3|80994|San Bernardino County 
Union City|69,477|3.9|66,869|7.3|27.8|8.1|50.3|30.2|6.7|0.5|43.4|0.9|6.7|24.0|52.4|44.0|59.3|80.5|29.5|32.1|18,877|71.3|312,600|18,642|3.57|71,926|22,890|6.5|3,276,367|571,561|8,236|70,833|4,003|S|F|S|S|F|23.3|19|3,473.7|81204|Alameda County 
Upland|73,379|7.0|68,393|7.0|27.3|10.8|51.9|67.2|7.6|0.8|7.3|0.1|4.7|27.5|49.0|16.2|26.8|83.8|26.7|29.3|25,467|58.9|211,000|24,551|2.76|48,734|23,343|12.0|286,694|648,720|9,139|63,964|6,456|3.9|F|10.2|11.4|F|16.0|15|4,523.3|81344|San Bernardino County 
Vacaville|92,691|4.5|88,625|6.6|27.0|8.3|45.8|72.1|10.0|1.0|4.2|0.5|5.5|17.9|44.7|9.0|15.4|83.9|19.4|29.6|28,696|66.7|181,300|28,105|2.83|57,667|21,557|6.1|D|1,031,516|11,065|108,261|5,035|S|F|S|S|F|32.5|27|3,272.7|81554|Solano County 
Vallejo|116,844|0.1|116,760|7.2|27.6|11.2|51.6|36.0|23.7|0.7|24.2|1.1|6.6|15.9|54.1|24.7|33.2|81.7|21.1|35.4|41,219|63.2|166,400|39,601|2.90|50,030|20,415|10.1|315,246|1,353,032|11,342|99,904|6,515|S|S|25.7|S|S|36.6|30|3,867.5|81666|Solano County 
Victorville|98,662|54.0|64,029|8.6|34.2|11.2|51.6|61.1|11.9|1.1|3.5|0.2|6.0|33.5|47.7|12.3|24.6|76.7|10.6|35.4|22,498|65.1|98,700|20,893|3.03|36,187|14,454|18.7|146,120|1,355,160|19,088|123,606|4,921|7.8|S|5.7|S|F|28.0|72|879.8|82590|San Bernardino County 
Visalia|113,487|22.5|91,565|8.1|31.3|10.9|51.8|69.5|1.9|1.4|5.1|0.1|4.2|35.6|47.7|12.8|29.1|76.4|18.9|19.1|32,654|62.7|115,300|30,883|2.91|41,349|18,422|16.8|1,312,138|1,325,227|13,655|116,848|7,189|F|F|S|S|F|28.1|28|3,203.8|82954|Tulare County 
Vista|89,891|-0.2|89,857|8.6|29.7|10.0|50.0|64.3|4.2|1.0|3.7|0.7|4.8|38.9|42.6|24.4|36.9|75.9|19.6|26.6|29,814|54.2|201,600|28,877|3.03|42,594|18,027|14.2|914,910|889,907|9,783|78,071|7,186|S|F|S|14.9|F|S|18|4,810.3|82996|San Diego County 
Walnut|31,294|4.3|30,004|4.9|27.8|6.9|50.8|28.4|4.2|0.2|55.8|0.1|3.7|19.3|66.1|46.2|64.0|88.8|41.9|35.5|8,395|88.9|279,700|8,260|3.63|81,015|25,196|6.5|648,898|144,802|4,721|11,894|3,453|F|F|51.9|S|F|S|8|3,341.2|83332|Los Angeles County 
Walnut Creek|63,701|-1.2|64,296|4.4|17.6|25.3|53.8|83.9|1.1|0.3|9.4|0.1|3.2|6.0|52.7|18.2|19.4|95.0|54.0|32.8|31,425|68.3|391,200|30,301|2.09|63,238|39,875|3.7|1,762,218|1,565,342|23,984|184,278|8,819|F|F|9.5|4.9|F|31.0|19|3,229.3|83346|Contra Costa County 
Watsonville|48,709|4.9|44,265|9.3|34.0|8.6|49.8|43.0|0.8|1.7|3.3|0.1|5.2|75.1|49.8|44.2|70.7|49.1|8.7|23.5|11,695|48.1|224,700|11,381|3.84|37,617|13,205|19.1|1,031,776|686,994|14,788|49,966|2,728|F|F|S|S|F|S|6|6,970.9|83668|Santa Cruz County 
West Covina|107,745|2.5|105,080|7.6|28.5|10.4|51.4|43.9|6.4|0.8|22.7|0.2|4.9|45.7|55.8|32.5|53.0|78.2|21.9|33.8|32,058|66.5|190,200|31,411|3.32|53,002|19,342|9.0|112,201|1,393,421|13,010|114,939|7,266|S|F|S|S|F|22.8|16|6,522.7|84200|Los Angeles County 
West Hollywood|36,514|2.0|35,716|1.6|5.7|17.0|44.8|86.4|3.1|0.4|3.8|0.1|3.4|8.8|44.8|35.9|38.0|91.1|46.8|26.9|24,110|21.6|406,400|23,120|1.53|38,914|38,302|11.5|502,602|899,589|24,630|286,231|8,512|2.0|F|S|S|F|23.3|1|18,997.9|84410|Los Angeles County 
West Sacramento|44,162|39.7|31,615|7.7|29.8|12.7|50.6|65.0|2.6|1.8|7.2|0.6|6.9|30.0|48.6|25.1|38.4|69.9|9.8|21.2|12,133|54.5|113,000|11,404|2.75|31,718|15,245|22.3|5,533,588|298,170|8,234|32,503|2,674|F|5.9|5.3|11.0|F|31.3|20|1,509.8|84816|Yolo County 
Westminster|89,520|1.5|88,207|7.3|25.9|11.2|50.0|45.8|1.0|0.6|38.1|0.5|3.8|21.7|53.0|42.6|56.6|71.5|18.1|27.8|26,940|60.2|227,300|26,406|3.32|49,450|18,218|13.5|234,086|1,400,814|15,750|91,132|8,436|S|F|S|S|F|37.2|10|8,724.7|84550|Orange County 
Whittier|84,015|0.5|83,680|7.8|28.3|12.5|51.4|63.2|1.2|1.3|3.3|0.2|5.0|55.9|55.9|18.3|39.3|78.8|21.9|30.1|28,977|57.8|211,700|28,271|2.88|49,256|21,409|10.5|D|739,283|8,694|107,715|6,376|S|S|10.9|33.5|F|S|14|5,719.8|85292|Los Angeles County 
Woodland|51,144|3.2|49,151|8.1|29.7|10.5|51.0|66.8|1.3|1.5|3.8|0.3|4.9|38.8|46.0|19.4|35.2|73.0|18.0|20.7|17,120|58.5|153,100|16,751|2.89|44,449|18,042|11.9|D|508,046|9,979|46,112|3,216|F|F|S|19.5|F|31.1|10|4,767.3|86328|Yolo County 
Yorba Linda|65,314|10.8|58,918|6.0|29.3|7.7|50.9|81.5|1.2|0.4|11.1|0.1|3.1|10.3|60.6|13.9|19.1|93.4|41.5|30.4|19,567|84.7|346,100|19,252|3.05|89,593|36,173|3.0|2,055,113|489,133|8,031|65,188|6,370|F|F|12.3|S|F|S|19|3,041.7|86832|Orange County 
Yuba City|60,360|19.4|36,758|8.1|29.0|12.2|51.1|67.0|2.8|1.8|8.9|0.3|4.9|24.6|41.6|19.5|29.1|72.6|14.4|25.2|13,912|47.4|115,700|13,290|2.70|32,858|15,928|18.1|182,696|770,487|14,583|66,561|3,353|S|F|14.0|S|F|23.3|9|3,922.9|86972|Sutter County 
Yucaipa|50,223|21.9|41,207|6.5|28.5|15.5|51.7|85.2|0.9|1.1|1.2|0.1|3.5|18.3|49.1|8.2|14.7|80.9|14.3|28.9|16,112|74.2|140,000|15,193|2.67|39,144|18,949|11.2|D|150,435|3,452|21,610|3,062|F|F|S|S|F|38.8|27|1,483.3|87042|San Bernardino County 
